0.499229
1.01007
1.52091
2.02014
2.51937
3.01859
3.51782
4.01705
4.51628
5.01551
5.51474
6.01397
6.5132
7.02404
7.52327
8.02249
8.52172
9.02095
9.52018
10.0194
10.5186
11.0179
11.5171
12.0163
12.5156
13.0148
13.514
14.0132
14.5125
15.0233
15.5225
16.0218
16.521
17.0202
17.5195
18.0187
18.5179
19.0171
19.5164
20.0156
20.5148
21.0141
21.5133
22.0125
22.5234
23.0226
23.5218
24.021
24.5203
25.0195
25.5187
26.018
26.5172
27.0164
27.5156
28.0149
28.5141
29.0133
29.5126
30.0234
30.5226
31.0219
31.5211
32.0203
32.5195
33.0188
33.518
34.0172
34.5165
35.0157
35.5149
36.0141
36.5134
37.0126
37.5234
38.0227
38.5219
39.0211
39.5204
40.0196
40.5188
41.018
41.5173
42.0165
42.5157
43.015
43.5142
44.0134
44.5243
45.0235
45.5227
46.0219
46.5212
47.0204
47.5196
48.0189
48.5181
49.0173
49.5166
50.0158
50.515
51.0142
51.5135
52.0127
52.5235
53.0228
53.522
54.0212
54.5205
55.0197
55.5189
56.0181
56.5174
57.0166
57.5158
58.0151
58.5143
59.0135
59.5127
60.012
60.5228
61.022
61.5213
62.0205
62.5197
63.019
63.5182
64.0174
64.5166
65.0159
65.5151
66.0143
66.5136
67.0128
67.5236
68.0229
68.5221
69.0213
69.5205
70.0198
70.519
71.0182
71.5175
72.0167
72.5159
73.0151
73.5144
74.0136
74.5128
75.0237
75.5229
76.0221
76.5214
77.0206
77.5198
78.019
78.5183
79.0175
79.5167
80.016
80.5152
81.0144
81.5136
82.0129
82.5237
83.0229
83.5222
84.0214
84.5206
85.0199
85.5191
86.0183
86.5175
87.0168
87.516
88.0152
88.5145
89.0137
89.5129
90.0122
90.523
91.0222
91.5214
92.0207
92.5199
93.0191
93.5184
94.0176
94.5168
95.0161
95.5153
96.0145
96.5137
97.013
97.5238
98.023
98.5223
99.0215
99.5207
100.02
100.519
101.018
101.518
102.017
102.516
103.015
103.515
104.014
104.525
105.024
105.523
106.022
106.522
107.021
107.52
108.019
108.518
109.018
109.517
110.016
110.515
111.015
111.514
112.013
112.524
113.023
113.522
114.022
114.521
115.02
115.519
116.019
116.518
117.017
117.516
118.015
118.515
119.014
119.513
120.012
120.523
121.022
121.522
122.021
122.52
123.019
123.519
124.018
124.517
125.016
125.515
126.015
126.514
127.013
127.512
128.012
128.522
129.022
129.521
130.02
130.519
131.019
131.518