0.719819
1.43964
2.18268
2.93732
3.65714
4.36535
5.09678
5.85143
6.55964
7.25624
7.95283
8.63782
9.32281
10.0194
10.7044
11.401
12.0976
12.7826
13.4792
14.1642
14.8608
15.5458
16.2307
16.9273
17.6123
18.3089
18.9939
19.6789
20.3755
21.0605
21.7571
22.4421
23.1271
23.8237
24.5087
25.2053
25.8902
26.5752
27.2718
27.9568
28.6418
29.3384
30.0234
30.72
31.4166
32.1132
32.833
33.5761
34.3075
35.0273
35.7703
36.5366
37.2564
37.953
38.638
39.3346
40.0196
40.7162
41.4012
42.0978
42.7828
43.4678
44.1527
44.8493
45.5343
46.2309
46.9159
47.6125
48.2975
48.9941
49.6791
50.3641
51.0491
51.7457
52.4307
53.1273
53.8122
54.5088
55.1938
55.8904
56.5754
57.2604
57.9454
58.642
59.327
60.0236
60.7086
61.4052
62.0902
62.7868
63.4717
64.1683
64.8533
65.5499
66.2349
66.9315
67.6165
68.3131
68.9981
69.6831
70.3681
71.0647
71.7497
72.4463
73.1312
73.8162
74.5128
75.1978
75.8828
76.5794
77.2644
77.9494
78.6344
79.331
80.016
80.7126
81.3976
82.0941
82.7791
83.4757
84.1607
84.8573
85.5423
86.2273
86.9123
87.6089
88.2939
88.9905
89.6755
90.3721
91.0571
91.7536
92.4386
93.1352
93.8202
94.5052
95.2018
95.9216
96.6763
97.4193
98.1391
98.8706
99.602
100.333
101.042
101.738
102.435
103.12
103.816
104.513
105.198
105.895
106.591
107.276
107.961
108.646
109.331
110.016
110.701
111.398
112.094
112.791
113.476
114.161
114.846
115.542
116.227
116.924
117.609
118.294
118.979
119.676
120.361
121.057
121.754
122.439
123.124
123.82
124.505
125.202
125.887
126.584
127.269
127.954
128.65
129.335
130.032
130.717
131.402
132.098
132.783
133.48
134.165
134.861
135.546
136.231
136.928
137.613
138.31
138.995
139.68
140.376
141.061
141.758
142.443
143.128
143.813
144.509
145.206
145.891
146.576
147.273
147.958
148.654
149.339
150.036
150.721
151.406
152.102
152.787
153.484
154.169
154.865
155.55
156.235
156.932
157.617
158.302
158.999
159.684
160.38
161.065
161.75
162.447
163.132
163.817
164.513
165.198
165.895
166.58
167.277
167.962
168.658
169.343
170.028
170.725
171.41
172.095
172.791
173.476
174.173
174.858
175.543
176.239
176.924
177.621
178.306
178.991
179.688
180.373
181.058
181.754
182.439
183.136
183.821
184.506
185.202
185.887
186.584
187.269
187.966
188.651
189.336
190.032
190.717
191.402
192.099
192.784
193.48
194.165
194.862
195.547
196.232
196.928
197.625
198.333
199.076
199.668
200.237
200.806
201.34
201.886
202.536
203.175