0.510839
1.03329
1.55574
2.06658
2.57741
3.07664
3.57587
4.0751
4.57433
5.07356
5.57279
6.07202
6.57125
7.07048
7.56971
8.05732
8.56816
9.079
9.57823
10.0775
10.5767
11.0759
11.5751
12.0744
12.5736
13.0728
13.5721
14.0713
14.5705
15.0697
15.569
16.0682
16.579
17.0783
17.5891
18.0883
18.5876
19.0868
19.586
20.0853
20.5845
21.0837
21.5829
22.0822
22.5814
23.0806
23.5799
24.0791
24.5783
25.0776
25.5768
26.076
26.5752
27.0745
27.5737
28.0729
28.5722
29.0714
29.5706
30.0815
30.5807
31.0683
31.5675
32.0668
32.5776
33.0768
33.5761
34.0753
34.5745
35.0854
35.5846
36.0838
36.5714
37.0707
37.5699
38.0807
38.5916
39.0792
39.5668
40.0776
40.5885
41.0761
41.5753
42.0746
42.5854
43.0846
43.5839
44.0831
44.5823
45.0815
45.5808
46.08
46.5792
47.0785
47.5777
48.0769
48.5761
49.0754
49.5746
50.0738
50.5731
51.0839
51.5831
52.0824
52.5816
53.0808
53.58
54.0793
54.5785
55.0777
55.577
56.0762
56.587
57.0979
57.6087
58.1312
58.6536
59.1761
59.6985
60.2093
60.7202
61.231
61.7535
62.2759
62.7984
63.3092
63.8084
64.3193
64.8301
65.3293
65.8286
66.3278
66.8154
67.3146
67.8255
68.3247
68.8239
69.3348
69.834
70.3332
70.8209
71.3201
71.8193
72.3302
72.8294
73.3286
73.8278
74.3271
74.8263
75.3255
75.8364
76.3356
76.8348
77.3341
77.8333
78.3325
78.8317
79.331
79.8302
80.341
80.8287
81.3279
81.8271
82.3263
82.8256
83.3248
83.824
84.3233
84.8225
85.3217
85.821
86.3318
86.831
87.3302
87.8295
88.3287
88.8279
89.3272
89.8264
90.3256
90.8249
91.3241
91.8233
92.3225
92.8334
93.3326
93.8318
94.3311
94.8303
95.3295
95.8288
96.328
96.8272
97.3264
97.8257
98.3365
98.8241
99.3234
99.8342
100.357
100.879
101.413
101.947
102.47
103.004
103.538
104.072
104.571
105.082
105.581
106.08
106.58
107.09
107.59
108.089
108.588
109.087
109.587
110.086
110.585
111.084
111.583
112.083
112.582
113.081
113.58
114.08
114.579
115.078
115.566
116.077
116.576
117.075
117.574
118.073
118.573
119.072
119.571
120.07
120.581
121.08
121.58
122.079
122.578
123.077
123.577
124.076
124.575
125.074
125.574
126.073
126.572
127.083
127.582
128.081
128.58
129.08
129.579
130.078
130.577
131.077
131.576
132.075
132.586
133.074
133.573
134.072
134.583
135.07
135.57
136.069
136.568
137.079
137.578
138.089
138.577
139.076
139.575
140.074
140.574
141.073
141.572
142.071
142.571
143.081
143.581
144.08
144.579
145.078
145.577
146.077
146.576
147.075
147.586
148.074
148.573
149.072
149.571
150.071
150.57
151.057
151.557
152.067
152.578
153.078
153.577
154.076
154.575
155.074
155.574
156.073
156.572
157.083
157.582
158.081
158.581
159.08
159.579
160.078
160.578
161.077
161.576
162.075
162.586
163.074
163.573
164.072
164.571
165.071
165.57
166.069
166.58
167.091
167.59
168.089
168.588
169.088
169.587
170.086
170.574
171.061
171.561
172.071
172.571
173.058
173.558
174.057
174.556
175.055
175.566
176.077
176.565
177.064
177.563
178.074
178.573
179.072
179.583
180.082
180.582
181.104
181.615
182.126
182.648
183.182
183.716
184.25
184.773
185.295
185.806
186.317
186.828
187.315
187.826
188.337
188.836
189.336
189.835
190.334
190.822
191.321
191.82
192.331
192.83
193.329
193.829
194.328
194.827
195.326
195.825
196.325
196.836
197.335
197.834
198.333
198.832
199.332
199.831
200.33
200.829
201.329
201.828
202.327
202.826
203.326
203.825
204.324
204.823
205.322
205.822
206.333
206.832
207.331
207.83
208.329
208.829
209.328
209.827
210.326
210.814
211.325
211.836
212.335
212.834
213.333
213.833
214.343
214.831
215.33
215.829
216.329
216.828
217.327
217.826
218.326
218.825
219.324
219.823
220.334
220.822
221.333
221.832
222.331
222.83
223.33
223.829
224.328
224.827
225.326
225.826
226.325
226.824
227.323
227.834
228.333
228.833
229.332
229.831
230.33
230.83
231.329
231.828
232.327
232.826
233.326
233.825
234.301
234.789
235.207
235.636
236.054
236.449
236.844
237.25
237.656
238.063
238.469
238.864
239.258
239.665
240.094
240.524
240.965
241.406