0.580499
1.161
1.7415
2.31039
2.87927
3.43655
3.97061
4.50467
5.05034
5.59601
6.13007
6.66413
7.22141
7.75546
8.28952
8.83519
9.38086
9.91492
10.449
11.0063
11.5403
12.0744
12.6084
13.1541
13.6998
14.2338
14.7679
15.3252
15.8592
16.3933
16.9273
17.4846
18.0187
18.5644
19.1565
19.7602
20.2942
20.8515
21.3856
21.9196
22.4653
23.011
23.545
24.0791
24.6248
25.1704
25.7045
26.2385
26.7958
27.3299
27.8639
28.398
28.9553
29.4893
30.0931
30.6968
31.3005
31.9158
32.5312
33.1349
33.7386
34.3423
34.946
35.5614
36.1767
36.7804
37.3145
37.8485
38.3942
38.9399
39.4855
40.0312
40.5653
41.0993
41.6334
42.179
42.7247
43.2588
43.7928
44.3501
44.9422
45.5227
46.0916
46.6837
47.2526
47.8331
48.3904
48.9244
49.4585
50.0158
50.5498
51.0839
51.618
52.1752
52.7093
53.2434
53.7774
54.3347
54.8688
55.4028
55.9485
56.4941
57.0282
57.5623
58.0963
58.6536
59.1877
59.7217
60.2674
60.8131
61.3471
61.8812
62.4385
62.9725
63.5066
64.0406
64.5863
65.132
65.666
66.2001
66.7574
67.2914
67.8255
68.3595
68.9168
69.4509
69.9849
70.519
71.0763
71.6103
72.1444
72.6901
73.2357
73.7698
74.3039
74.8495
75.3952
75.9293
76.4633
76.9974
77.5546
78.0887
78.6228
79.1684
79.7141
80.2482
80.7822
81.3279
81.8736
82.4192
82.9649
83.499
84.0446
84.5903
85.1476
85.7048
86.2621
86.8194
87.3883
87.934
88.4912
89.0253
89.5594
90.1166
90.6507
91.1848
91.7188
92.2529
92.8102
93.3442
93.8783
94.4239
94.9696
95.5037
96.0377
96.595
97.1407
97.7328
98.3133
98.8706
99.4162
99.9619
100.496
101.03
101.576
102.121
102.655
103.201
103.747
104.281
104.815
105.372
105.906
106.44
106.986
107.555
108.124
108.681
109.261
109.807
110.364
110.898
111.433
111.967
112.524
113.058
113.592
114.126
114.683
115.217
115.751
116.286
116.843
117.377
117.911
118.445
119.002
119.536
120.07
120.604
121.162
121.696
122.23
122.776
123.321
123.855
124.389
124.923
125.469
126.015
126.549
127.083
127.64
128.174
128.708
129.254
129.8
130.334
130.868
131.425
131.959
132.493
133.027
133.573
134.118
134.653
135.175
135.732
136.278
136.812
137.346
137.892
138.437
138.971
139.505
140.051
140.597
141.131
141.665
142.222
142.756
143.29
143.836
144.382
144.916
145.45
145.995
146.541
147.075
147.609
148.143
148.701
149.235
149.769
150.314
150.86
151.394
151.928
152.474
153.02
153.554
154.088
154.633
155.179
155.713
156.247
156.793
157.338
157.872
158.407
158.952
159.498
160.032
160.566
161.123
161.657
162.191
162.737
163.294
163.863
164.421
164.989
165.558
166.116
166.65
167.184
167.729
168.275
168.809
169.343
169.877
170.434
170.969
171.503
172.048
172.594
173.128
173.662
174.208
174.753
175.287
175.821
176.367
176.913
177.447
177.981
178.527
179.072
179.606
180.14
180.686
181.232
181.766
182.3
182.857
183.391
183.925
184.471
185.017
185.551
186.085
186.619
187.176
187.71
188.244
188.79
189.336
189.87
190.404
190.949
191.495
192.029
192.563
193.109
193.654
194.188
194.723
195.28
195.849
196.418
196.986
197.555
198.113
198.647
199.181
199.726
200.272
200.806
201.34
201.886
202.432
202.966
203.5
204.045
204.591
205.125
205.659
206.216
206.75
207.285
207.83
208.376
208.91
209.444
209.99
210.535
211.069
211.603
212.137
212.695
213.229
213.763
214.309
214.854
215.388
215.922
216.468
217.014
217.548
218.082
218.616
219.173
219.707
220.241
220.787
221.333
221.867
222.401
222.946
223.492
224.026
224.56
225.117
225.652
226.186
226.72
227.265
227.811
228.345
228.879
229.425
229.97
230.504
231.039
231.596
232.13
232.664
233.21
233.744
234.289
234.823
235.369
235.903
236.449
236.983
237.517
238.063
238.608
239.142
239.688
240.234
240.768
241.302
241.847
242.393
242.927
243.461
244.007
244.553
245.087
245.621
246.178
246.712
247.246
247.78
248.326
248.86
249.406
249.94
250.497
251.031
251.565
252.099
252.645
253.19
253.724
254.258
254.804
255.35
255.884
256.43
256.975
257.44
257.904
258.368
258.856
259.32
259.785
260.261
260.725
261.201
261.735
262.269
262.803
263.337
263.872
264.406
264.94