0.487619
0.963628
1.42803
1.89243
2.36844
2.83283
3.29723
3.77324
4.23764
4.71365
5.17805
5.64245
6.11846
6.58286
7.04726
7.52327
7.98766
8.46367
8.92807
9.39247
9.86848
10.3329
10.7973
11.2733
11.7377
12.2137
12.6781
13.1425
13.6185
14.0829
14.5473
15.0233
15.4877
15.9637
16.4281
16.8925
17.3685
17.8329
18.2973
18.7733
19.2377
19.7137
20.1781
20.6425
21.1185
21.5829
22.0473
22.5234
22.9994
23.4638
23.9282
24.4042
24.8686
25.333
25.7974
26.2734
26.7494
27.2138
27.6782
28.1542
28.6302
29.0946
29.559
30.0234
30.4994
30.9638
31.4282
31.9042
32.3686
32.833
33.2974
33.7734
34.2494
34.7138
35.1782
35.6542
36.1186
36.5946
37.059
37.5234
37.9995
38.4639
38.9283
39.4043
39.8687
40.3331
40.7975
41.2735
41.7495
42.2139
42.6783
43.1543
43.6187
44.0831
44.5591
45.0235
45.4995
45.9639
46.4283
46.9043
47.3687
47.8331
48.2975
48.7735
49.2495
49.7139
50.1783
50.6543
51.1187
51.5947
52.0591
52.5235
52.9995
53.4639
53.9283
54.4044
54.8688
55.3332
55.7976
56.2736
56.7496
57.214
57.6784
58.1544
58.6188
59.0948
59.5592