0.476009
0.952018
1.41642
1.88082
2.34522
2.80961
3.28562
3.76163
4.22603
4.69043
5.16644
5.64245
6.10685
6.57125
7.03565
7.51166
7.98766
8.45206
8.91646
9.38086
9.85687
10.3213
10.7973
11.2617
11.7261
12.1905
12.6665
13.1425
13.6069
14.0713
14.5473
15.0117
15.4877
15.9521
16.4165
16.8809
17.3453
17.8213
18.2973
18.7617
19.2261
19.6905
20.1665
20.6425
21.1069
21.5713
22.0357
22.5001
22.9529
23.4173
23.9166
24.4042
24.9034
25.4026
25.8786
26.3663
26.819
27.2834
27.7478
28.2122
28.6766
29.141
29.5822
30.0234
30.4878
30.9522
31.4166
31.881
32.3454
32.8214
33.2974
33.7618
34.2262
34.6906
35.1666
35.6426
36.107
36.5714
37.0474
37.5234
37.9878
38.4522
38.9166
39.381
39.8454
40.3214
40.7975
41.2619
41.7263
42.1907
42.6667
43.1427
43.6071
44.0715
44.5475
45.0119
45.4879
45.9523
46.4167
46.8927
47.3687
47.8331
48.2975
48.7619
49.2263
49.6907
50.1667
50.6427
51.1071
51.5715
52.0359
52.5003
52.9763
53.4523
53.9167
54.3811
54.8455
55.3215
55.7976
56.2619
56.7263
57.1907
57.6668
58.1428
58.6072
59.0716
59.5476