0.394739
0.789478
1.18422
1.57896
1.9737
2.38005
2.78639
3.19274
3.59909
4.00544
4.41179
4.80653
5.20127
5.59601
6.00236
6.40871
6.80345
7.19819
7.60454
8.01088
8.40562
8.80036
9.20671
9.61306
10.0078
10.4025
10.7973
11.2036
11.61
12.0047
12.3995
12.8058
13.2122
13.6069
14.0016
14.408
14.8143
15.2091
15.6038
15.9985
16.3933
16.7996
17.206
17.6007
17.9955
18.4018
18.7966
19.2029
19.5976
20.004
20.4103
20.8051
21.1998
21.6062
22.0125
22.4073
22.802
23.2083
23.6147
24.0094
24.4042
24.7989
25.2053
25.6116
26.0063
26.4011
26.7958
27.2022
27.6085
28.0033
28.398
28.8044
29.2107
29.6054
30.0002
30.4065
30.8129
31.2076
31.6024
31.9971
32.4034
32.8098
33.2045
33.6109
34.0172
34.412
34.8067
35.2015
35.6078
36.0141
36.4089
36.8152
37.2216
37.6163
38.0111
38.4058
38.8122
39.2185
39.6132
40.008
40.4143
40.8207
41.2154
41.6102
42.0049
42.4112
42.8176
43.2123
43.6071
44.0018
44.4082
44.8145
45.2093
45.604
46.0103
46.4167
46.8114
47.2062
47.6125
48.0189
48.4136
48.8083
49.2031
49.6094
50.0158
50.4105
50.8053
51.2
51.6063
52.0127
52.4074
52.8022
53.1969
53.6033
54.0096
54.4044
54.7991
55.1938
55.6002
56.0065
56.4013
56.796
57.2024
57.6087
58.0034
58.3982
58.8045
59.1993
59.6056
60.0004
60.4067
60.8014
61.2078
61.6025
62.0089
62.4036
62.81
63.2047
63.5995
64.0058
64.4122
64.8069
65.2016
65.608
66.0143
66.4091
66.8038
67.1985
67.6049
68.0112
68.406
68.8007
69.1955
69.6018
70.0082
70.4029
70.8092
71.204
71.6103
72.0051
72.3998
72.8062
73.2125
73.6073
74.002
74.3967
74.8031
75.1978
75.6042
75.9989
76.4053
76.8116
77.2063
77.6011
78.0074
78.4022
78.8085
79.2033
79.598
80.0043
80.4107
80.8054
81.2002
81.6065
82.0129
82.4076
82.8024
83.1971
83.6034
84.0098
84.4161
84.8225
85.2172
85.612
86.0067
86.4131
86.8194
87.2141
87.6089
88.0036
88.41
88.8163
89.2111
89.6058
90.0005
90.3953
90.8016
91.208
91.6027
91.9975
92.4038
92.8102
93.2049
93.5996
93.9944
94.4007
94.8071
95.2018
95.6082
96.0145
96.4092
96.804
97.1987
97.6051
97.9998
98.4062
98.8009
99.1956
99.602
100.008
100.403
100.809
101.204
101.611
102.005
102.412
102.818
103.213
103.607
104.002
104.409
104.815
105.21
105.604
106.011
106.417
106.812
107.207
107.601
108.008
108.414
108.809
109.203
109.598
109.993
110.399
110.806
111.2
111.607
112.013
112.408
112.803
113.197
113.604
114.01
114.405
114.799
115.206
115.612
116.007
116.402
116.808
117.203
117.609
118.004
118.399
118.805
119.211
119.606
120.001
120.395
120.813
121.208
121.603
122.009
122.416
122.81
123.217
123.611
124.018
124.413
124.807
125.214
125.62
126.015
126.409
126.804
127.211
127.617
128.012
128.406
128.813
129.219
129.614
130.009
130.403
130.798
131.204
131.611
132.005
132.4
132.807
133.213
133.608
134.002
134.409
134.815
135.21
135.605
136.011
136.417
136.812
137.207
137.601
138.008
138.414
138.809
139.204
139.61
140.016
140.411
140.806
141.212
141.618
142.013
142.408
142.803
143.209
143.615
144.01
144.405
144.811
145.218
145.612
146.007
146.402
146.808
147.215
147.609
148.004
148.41
148.817
149.211
149.606
150.001
150.396
150.802
151.208
151.603
152.009
152.416
152.811
153.205
153.6
154.006
154.413
154.807
155.202
155.609
156.015
156.41
156.804
157.199
157.605
158.012
158.407
158.801
159.196
159.591
160.009
160.415
160.821
161.216
161.611
162.006
162.412
162.818
163.213
163.608
164.014
164.421
164.815
165.21
165.605
165.999
166.394
166.801
167.207
167.602
167.996
168.403
168.809
169.204
169.599
169.993
170.4
170.806
171.201
171.595
172.013
172.443
172.873
173.291
173.708
174.115
174.521
174.928
175.334
175.729
176.135
176.541
176.936
177.331
177.726
178.12
178.515
178.91
179.304
179.699
180.094
180.489
180.883
181.278
181.685
182.091
182.486
182.88
183.275
183.658
184.03
184.413
184.808
185.202
185.597
186.003
186.41
186.805
187.199
187.606
188.012
188.407
188.801
189.208
189.614
190.009
190.404
190.798
191.205
191.611
192.006
192.412
192.807
193.213
193.608
194.003
194.397
194.804
195.199
195.605
196
196.406
196.801
197.207
197.602
197.997
198.391
198.798
199.262
199.726
200.191
200.737
201.282
201.816
202.292
202.757
203.221
203.685
204.15
204.603
205.067
205.531
205.996
206.46
206.925
207.389